netmask 30
....................

Address:   10.100.122.1          00001010.01100100.01111010.000000 01
Netmask:   255.255.255.252 = 30  11111111.11111111.11111111.111111 00
Wildcard:  0.0.0.3               00000000.00000000.00000000.000000 11
=>
Network:   10.100.122.0/30       00001010.01100100.01111010.000000 00 (Class A)
Broadcast: 10.100.122.3          00001010.01100100.01111010.000000 11
HostMin:   10.100.122.1          00001010.01100100.01111010.000000 01
HostMax:   10.100.122.2          00001010.01100100.01111010.000000 10
Hosts/Net: 2                     (Private Internet)
