8bit MASK
===========

Address:   10.0.0.1              00001010 .00000000.00000000.00000001
Netmask:   255.0.0.0 = 8         11111111 .00000000.00000000.00000000
Wildcard:  0.255.255.255         00000000 .11111111.11111111.11111111
=>
Network:   10.0.0.0/8            00001010 .00000000.00000000.00000000 (Class A)
Broadcast: 10.255.255.255        00001010 .11111111.11111111.11111111
HostMin:   10.0.0.1              00001010 .00000000.00000000.00000001
HostMax:   10.255.255.254        00001010 .11111111.11111111.11111110
Hosts/Net: 16777214              (Private Internet)

24bit MASK
============

Address:   10.0.0.1              00001010.00000000.00000000 .00000001
Netmask:   255.255.255.0 = 24    11111111.11111111.11111111 .00000000
Wildcard:  0.0.0.255             00000000.00000000.00000000 .11111111
=>
Network:   10.0.0.0/24           00001010.00000000.00000000 .00000000 (Class A)
Broadcast: 10.0.0.255            00001010.00000000.00000000 .11111111
HostMin:   10.0.0.1              00001010.00000000.00000000 .00000001
HostMax:   10.0.0.254            00001010.00000000.00000000 .11111110
Hosts/Net: 254                   (Private Internet)
